lib: 10421_10421
similarity: 0.9821428571428571

lib: 9328_9328
similarity: 0.9544910179640719

lib: 9586_9586
similarity: 0.8757396449704142

lib: 9588_9588
similarity: 0.8757396449704142

time: 134s