lib: 1567_1567
similarity: 1.0

lib: 2689_2689
similarity: 0.927710843373494

lib: 5591_5591
similarity: 0.8600550964187328

lib: 6052_6052
similarity: 0.9581881533101045

lib: 9542_9542
similarity: 1.0

time: 59s