lib: 11696_11696
similarity: 0.8783122119815668

lib: 3053_3053
similarity: 1.0

lib: 3061_3061
similarity: 0.91875

lib: 5121_5121
similarity: 1.0

lib: 5264_5264
similarity: 0.8548707753479126

time: 33s