lib: 10324_10324
similarity: 0.8582089552238806

lib: 10325_10325
similarity: 0.8582089552238806

lib: 972_972
similarity: 1.0

lib: 975_975
similarity: 1.0

lib: 9972_9972
similarity: 1.0

time: 51s