lib: 11528_11528
similarity: 0.8846153846153846

lib: 11709_11709
similarity: 1.0

lib: 11722_11722
similarity: 1.0

lib: 13291_13291
similarity: 0.8783783783783784

lib: 6134_6134
similarity: 0.8976034858387799

time: 103s