lib: 1601_1601
similarity: 0.9557522123893806

lib: 1604_1604
similarity: 0.9557522123893806

lib: 1611_1611
similarity: 0.9557522123893806

lib: 3303_3303
similarity: 1.0

lib: 7426_7426
similarity: 1.0

time: 61s