lib: 10939_10939
similarity: 0.8542713567839196

lib: 10944_10944
similarity: 1.0

lib: 10948_10948
similarity: 0.9261538461538461

time: 168s