lib: 2262_2262
similarity: 0.8776185226019846

lib: 4503_4503
similarity: 0.9145945945945946

lib: 8706_8706
similarity: 0.8603374948552613

time: 48s