lib: 9314_9314
similarity: 0.9202614379084967

lib: 9315_9315
similarity: 0.9202614379084967

time: 122s