lib: 1108_1108
similarity: 1.0

lib: 126_126
similarity: 1.0

lib: 9327_9327
similarity: 0.9748502994011976

lib: 9330_9330
similarity: 0.9748502994011976

lib: 975_975
similarity: 1.0

time: 41s