lib: 10939_10939
similarity: 0.8542713567839196

lib: 12995_12995
similarity: 1.0

lib: 4208_4208
similarity: 0.9047619047619048

time: 77s