lib: 9305_9305
similarity: 0.982367758186398

lib: 9307_9307
similarity: 0.9819121447028424

lib: 9308_9308
similarity: 0.9819121447028424

time: 29s