lib: 6979_6979
similarity: 0.9970652971386648

lib: 6986_6986
similarity: 0.9780701754385965

time: 72s