lib: 1073_1073
similarity: 0.8596491228070176

lib: 1075_1075
similarity: 0.8596491228070176

lib: 1076_1076
similarity: 0.8596491228070176

lib: 1081_1081
similarity: 0.8596491228070176

time: 22s