lib: 1073_1073
similarity: 0.8596491228070176

lib: 1074_1074
similarity: 0.8596491228070176

lib: 1077_1077
similarity: 0.8596491228070176

lib: 1078_1078
similarity: 0.8596491228070176

lib: 1079_1079
similarity: 0.8596491228070176

time: 22s