lib: 10420_10420
similarity: 0.9821428571428571

lib: 1179_1179
similarity: 0.8762117822520508

lib: 4966_4966
similarity: 0.92018779342723

lib: 971_971
similarity: 1.0

lib: 975_975
similarity: 1.0

time: 100s