lib: 10943_10943
similarity: 0.8888888888888888

lib: 10944_10944
similarity: 0.8888888888888888

lib: 2962_2962
similarity: 1.0

time: 62s