lib: 4207_4207
similarity: 0.8571428571428571

lib: 4209_4209
similarity: 0.8571428571428571

lib: 8153_8153
similarity: 1.0

lib: 8154_8154
similarity: 1.0

time: 41s