lib: 10066_10066
similarity: 0.9029503105590062

lib: 1015_1015
similarity: 0.9013157894736842

lib: 12285_12285
similarity: 1.0

time: 50s