lib: 10091_10091
similarity: 1.0

lib: 12365_12365
similarity: 0.8514851485148515

lib: 2694_2694
similarity: 0.8554216867469879

lib: 7927_7927
similarity: 1.0

time: 49s