lib: 10420_10420
similarity: 0.9821428571428571

lib: 1080_1080
similarity: 0.8596491228070176

lib: 127_127
similarity: 0.9594594594594594

lib: 1945_1945
similarity: 1.0

time: 137s