lib: 1603_1603
similarity: 0.9557522123893806

lib: 1607_1607
similarity: 0.9557522123893806

lib: 1610_1610
similarity: 0.9557522123893806

lib: 1611_1611
similarity: 0.9557522123893806

lib: 6025_6025
similarity: 0.8675577156743621

time: 118s