lib: 1075_1075
similarity: 0.8596491228070176

lib: 1077_1077
similarity: 0.8596491228070176

lib: 1079_1079
similarity: 0.8596491228070176

lib: 1080_1080
similarity: 0.8596491228070176

lib: 1081_1081
similarity: 0.8596491228070176

time: 21s