lib: 1670_1670
similarity: 0.8589951377633711

lib: 270_270
similarity: 1.0

lib: 7882_7882
similarity: 0.8696264975334743

lib: 971_971
similarity: 1.0

lib: 975_975
similarity: 1.0

time: 66s