lib: 1692_1692
similarity: 0.8700564971751412

lib: 1982_1982
similarity: 0.8898305084745762

time: 58s