lib: 11246_11246
similarity: 0.9064411990776325

lib: 11249_11249
similarity: 0.9948010642527294

lib: 11251_11251
similarity: 0.9913814180929096

lib: 7275_7275
similarity: 0.8968240631826584

time: 21s