lib: 10938_10938
similarity: 0.8659186535764376

lib: 10939_10939
similarity: 0.8693467336683417

lib: 12147_12147
similarity: 0.9514563106796117

lib: 12153_12153
similarity: 0.984

lib: 7257_7257
similarity: 1.0

time: 109s