lib: 11356_11356
similarity: 0.8979591836734694

lib: 11359_11359
similarity: 1.0

lib: 8304_8304
similarity: 0.8950381679389313

lib: 9543_9543
similarity: 1.0

time: 42s