lib: 2689_2689
similarity: 0.8554216867469879

lib: 2695_2695
similarity: 0.8554216867469879

time: 47s