lib: 1041_1041
similarity: 0.8993288590604027

lib: 122_122
similarity: 0.8775510204081632

lib: 125_125
similarity: 1.0

lib: 128_128
similarity: 1.0

lib: 1465_1465
similarity: 1.0

time: 52s