lib: 11211_11211
similarity: 1.0

lib: 13534_13534
similarity: 0.945209626154079

lib: 9873_9873
similarity: 0.9942427859299305

time: 43s