lib: 125_125
similarity: 1.0

lib: 129_129
similarity: 1.0

lib: 130_130
similarity: 1.0

lib: 13428_13428
similarity: 0.9084507042253521

lib: 13429_13429
similarity: 0.9084507042253521

time: 52s