lib: 8907_8907
similarity: 0.9101123595505618

lib: 9781_9781
similarity: 0.9914529914529915

time: 23s