lib: 10420_10420
similarity: 0.9821428571428571

lib: 12365_12365
similarity: 1.0

lib: 9331_9331
similarity: 0.9582875960482986

lib: 975_975
similarity: 1.0

time: 156s