lib: 12973_12973
similarity: 0.9147416305352193

lib: 1566_1566
similarity: 1.0

lib: 1670_1670
similarity: 0.8525121555915721

time: 53s