lib: 1308_1308
similarity: 0.9318181818181818

lib: 1323_1323
similarity: 0.9066147859922179

lib: 1670_1670
similarity: 0.8589951377633711

lib: 3435_3435
similarity: 1.0

lib: 8208_8208
similarity: 0.8934356351236147

time: 61s