lib: 10417_10417
similarity: 0.9821673525377229

lib: 10420_10420
similarity: 0.8914835164835165

lib: 12040_12040
similarity: 1.0

lib: 2962_2962
similarity: 1.0

time: 158s