lib: 1693_1693
similarity: 1.0

lib: 9314_9314
similarity: 0.9503267973856209

lib: 9315_9315
similarity: 0.9503267973856209

time: 156s