lib: 9589_9589
similarity: 0.8757396449704142

lib: 9594_9594
similarity: 0.8757396449704142

time: 26s