lib: 1601_1601
similarity: 0.9557522123893806

lib: 1603_1603
similarity: 0.9557522123893806

lib: 1604_1604
similarity: 0.9557522123893806

lib: 1611_1611
similarity: 0.9557522123893806

lib: 1945_1945
similarity: 1.0

time: 60s