lib: 2690_2690
similarity: 0.927710843373494

lib: 5491_5491
similarity: 1.0

lib: 8555_8555
similarity: 0.9407407407407408

lib: 8671_8671
similarity: 0.8756998880179171

lib: 975_975
similarity: 1.0

time: 66s