lib: 1778_1778
similarity: 0.8588172615876398

lib: 1820_1820
similarity: 0.8870967741935484

time: 131s