lib: 1692_1692
similarity: 0.8700564971751412

lib: 3476_3476
similarity: 0.9851024208566108

lib: 4427_4427
similarity: 1.0

time: 107s