lib: 1074_1074
similarity: 0.8596491228070176

lib: 1079_1079
similarity: 0.8596491228070176

lib: 1452_1452
similarity: 1.0

time: 75s