lib: 10295_10295
similarity: 1.0

lib: 125_125
similarity: 1.0

lib: 3351_3351
similarity: 0.8776978417266187

lib: 3402_3402
similarity: 1.0

lib: 8905_8905
similarity: 0.9008674101610905

time: 118s