lib: 13517_13517
similarity: 0.9886811474658601

lib: 9092_9092
similarity: 0.9643527204502814

time: 20s