lib: 119_119.dex
similarity: 0.24838709677419354

lib: 1822_1822.dex
similarity: 0.24050632911392406

lib: 4563_4563.dex
similarity: 0.4928825622775801

lib: 8540_8540.dex
similarity: 0.75

lib: 9217_9217.dex
similarity: 0.5

time: 10s