lib: 2785_2785.dex
similarity: 0.4444444444444444

lib: 5108_5108.dex
similarity: 0.2777777777777778

lib: 5681_5681.dex
similarity: 0.2

time: 3s