lib: 12646_12646.dex
similarity: 0.3142857142857143

lib: 4966_4966.dex
similarity: 0.2851782363977486

time: 2s